x1, x2, x3, x4, x5, x6, x7, x8, y
0.98, 0, 0.285714285714286, 0, 1, 0, 0, 0, 15.55
0.98, 0, 0.285714285714286, 0, 1, 0.333333333333333, 0, 0, 15.55
0.98, 0, 0.285714285714286, 0, 1, 0.666666666666667, 0, 0, 15.55
0.98, 0, 0.285714285714286, 0, 1, 1, 0, 0, 15.55
0.9, 0.166666666666667, 0.428571428571429, 0.111111111111111, 1, 0, 0, 0, 20.84
0.9, 0.166666666666667, 0.428571428571429, 0.111111111111111, 1, 0.333333333333333, 0, 0, 21.46
0.9, 0.166666666666667, 0.428571428571429, 0.111111111111111, 1, 0.666666666666667, 0, 0, 20.71
0.9, 0.166666666666667, 0.428571428571429, 0.111111111111111, 1, 1, 0, 0, 19.68
0.86, 0.25, 0.285714285714286, 0.333333333333333, 1, 0, 0, 0, 19.5
0.86, 0.25, 0.285714285714286, 0.333333333333333, 1, 0.333333333333333, 0, 0, 19.95
0.86, 0.25, 0.285714285714286, 0.333333333333333, 1, 0.666666666666667, 0, 0, 19.34
0.86, 0.25, 0.285714285714286, 0.333333333333333, 1, 1, 0, 0, 18.31
0.82, 0.333333333333333, 0.428571428571429, 0.333333333333333, 1, 0, 0, 0, 17.05
0.82, 0.333333333333333, 0.428571428571429, 0.333333333333333, 1, 0.333333333333333, 0, 0, 17.41
0.82, 0.333333333333333, 0.428571428571429, 0.333333333333333, 1, 0.666666666666667, 0, 0, 16.95
0.82, 0.333333333333333, 0.428571428571429, 0.333333333333333, 1, 1, 0, 0, 15.98
0.79, 0.416666666666667, 0.571428571428571, 0.333333333333333, 1, 0, 0, 0, 28.52
0.79, 0.416666666666667, 0.571428571428571, 0.333333333333333, 1, 0.333333333333333, 0, 0, 29.9
0.79, 0.416666666666667, 0.571428571428571, 0.333333333333333, 1, 0.666666666666667, 0, 0, 29.63
0.79, 0.416666666666667, 0.571428571428571, 0.333333333333333, 1, 1, 0, 0, 28.75
0.76, 0.5, 1, 0.111111111111111, 1, 0, 0, 0, 24.77
0.76, 0.5, 1, 0.111111111111111, 1, 0.333333333333333, 0, 0, 23.93
0.76, 0.5, 1, 0.111111111111111, 1, 0.666666666666667, 0, 0, 24.77
0.76, 0.5, 1, 0.111111111111111, 1, 1, 0, 0, 23.93
0.74, 0.583333333333333, 0, 1, 0, 0, 0, 0, 6.07
0.74, 0.583333333333333, 0, 1, 0, 0.333333333333333, 0, 0, 6.05
0.74, 0.583333333333333, 0, 1, 0, 0.666666666666667, 0, 0, 6.01
0.74, 0.583333333333333, 0, 1, 0, 1, 0, 0, 6.04
0.71, 0.666666666666667, 0.142857142857143, 1, 0, 0, 0, 0, 6.37
0.71, 0.666666666666667, 0.142857142857143, 1, 0, 0.333333333333333, 0, 0, 6.4
0.71, 0.666666666666667, 0.142857142857143, 1, 0, 0.666666666666667, 0, 0, 6.366
0.71, 0.666666666666667, 0.142857142857143, 1, 0, 1, 0, 0, 6.4
0.69, 0.75, 0.285714285714286, 1, 0, 0, 0, 0, 6.85
0.69, 0.75, 0.285714285714286, 1, 0, 0.333333333333333, 0, 0, 6.79
0.69, 0.75, 0.285714285714286, 1, 0, 0.666666666666667, 0, 0, 6.77
0.69, 0.75, 0.285714285714286, 1, 0, 1, 0, 0, 6.81
0.66, 0.833333333333333, 0.428571428571429, 1, 0, 0, 0, 0, 7.18
0.66, 0.833333333333333, 0.428571428571429, 1, 0, 0.333333333333333, 0, 0, 7.1
0.66, 0.833333333333333, 0.428571428571429, 1, 0, 0.666666666666667, 0, 0, 7.1
0.66, 0.833333333333333, 0.428571428571429, 1, 0, 1, 0, 0, 7.1
0.64, 0.916666666666667, 0.571428571428571, 1, 0, 0, 0, 0, 10.85
0.64, 0.916666666666667, 0.571428571428571, 1, 0, 0.333333333333333, 0, 0, 10.54
0.64, 0.916666666666667, 0.571428571428571, 1, 0, 0.666666666666667, 0, 0, 10.77
0.64, 0.916666666666667, 0.571428571428571, 1, 0, 1, 0, 0, 10.56
0.62, 1, 0.714285714285714, 1, 0, 0, 0, 0, 8.6
0.62, 1, 0.714285714285714, 1, 0, 0.333333333333333, 0, 0, 8.49
0.62, 1, 0.714285714285714, 1, 0, 0.666666666666667, 0, 0, 8.45
0.62, 1, 0.714285714285714, 1, 0, 1, 0, 0, 8.5
0.98, 0, 0.285714285714286, 0, 1, 0, 0.25, 0.2, 24.58
0.98, 0, 0.285714285714286, 0, 1, 0.333333333333333, 0.25, 0.2, 24.63
0.98, 0, 0.285714285714286, 0, 1, 0.666666666666667, 0.25, 0.2, 24.63
0.98, 0, 0.285714285714286, 0, 1, 1, 0.25, 0.2, 24.59
0.9, 0.166666666666667, 0.428571428571429, 0.111111111111111, 1, 0, 0.25, 0.2, 29.03
0.9, 0.166666666666667, 0.428571428571429, 0.111111111111111, 1, 0.333333333333333, 0.25, 0.2, 29.87
0.9, 0.166666666666667, 0.428571428571429, 0.111111111111111, 1, 0.666666666666667, 0.25, 0.2, 29.14
0.9, 0.166666666666667, 0.428571428571429, 0.111111111111111, 1, 1, 0.25, 0.2, 28.09
0.86, 0.25, 0.285714285714286, 0.333333333333333, 1, 0, 0.25, 0.2, 26.28
0.86, 0.25, 0.285714285714286, 0.333333333333333, 1, 0.333333333333333, 0.25, 0.2, 26.91
0.86, 0.25, 0.285714285714286, 0.333333333333333, 1, 0.666666666666667, 0.25, 0.2, 26.37
0.86, 0.25, 0.285714285714286, 0.333333333333333, 1, 1, 0.25, 0.2, 25.27
0.82, 0.333333333333333, 0.428571428571429, 0.333333333333333, 1, 0, 0.25, 0.2, 23.53
0.82, 0.333333333333333, 0.428571428571429, 0.333333333333333, 1, 0.333333333333333, 0.25, 0.2, 24.03
0.82, 0.333333333333333, 0.428571428571429, 0.333333333333333, 1, 0.666666666666667, 0.25, 0.2, 23.54
0.82, 0.333333333333333, 0.428571428571429, 0.333333333333333, 1, 1, 0.25, 0.2, 22.58
0.79, 0.416666666666667, 0.571428571428571, 0.333333333333333, 1, 0, 0.25, 0.2, 35.56
0.79, 0.416666666666667, 0.571428571428571, 0.333333333333333, 1, 0.333333333333333, 0.25, 0.2, 37.12
0.79, 0.416666666666667, 0.571428571428571, 0.333333333333333, 1, 0.666666666666667, 0.25, 0.2, 36.9
0.79, 0.416666666666667, 0.571428571428571, 0.333333333333333, 1, 1, 0.25, 0.2, 35.94
0.76, 0.5, 1, 0.111111111111111, 1, 0, 0.25, 0.2, 32.96
0.76, 0.5, 1, 0.111111111111111, 1, 0.333333333333333, 0.25, 0.2, 32.12
0.76, 0.5, 1, 0.111111111111111, 1, 0.666666666666667, 0.25, 0.2, 32.94
0.76, 0.5, 1, 0.111111111111111, 1, 1, 0.25, 0.2, 32.21
0.74, 0.583333333333333, 0, 1, 0, 0, 0.25, 0.2, 10.36
0.74, 0.583333333333333, 0, 1, 0, 0.333333333333333, 0.25, 0.2, 10.43
0.74, 0.583333333333333, 0, 1, 0, 0.666666666666667, 0.25, 0.2, 10.36
0.74, 0.583333333333333, 0, 1, 0, 1, 0.25, 0.2, 10.39
0.71, 0.666666666666667, 0.142857142857143, 1, 0, 0, 0.25, 0.2, 10.71
0.71, 0.666666666666667, 0.142857142857143, 1, 0, 0.333333333333333, 0.25, 0.2, 10.8
0.71, 0.666666666666667, 0.142857142857143, 1, 0, 0.666666666666667, 0.25, 0.2, 10.7
0.71, 0.666666666666667, 0.142857142857143, 1, 0, 1, 0.25, 0.2, 10.75
0.69, 0.75, 0.285714285714286, 1, 0, 0, 0.25, 0.2, 11.11
0.69, 0.75, 0.285714285714286, 1, 0, 0.333333333333333, 0.25, 0.2, 11.13
0.69, 0.75, 0.285714285714286, 1, 0, 0.666666666666667, 0.25, 0.2, 11.09
0.69, 0.75, 0.285714285714286, 1, 0, 1, 0.25, 0.2, 11.16
0.66, 0.833333333333333, 0.428571428571429, 1, 0, 0, 0.25, 0.2, 11.68
0.66, 0.833333333333333, 0.428571428571429, 1, 0, 0.333333333333333, 0.25, 0.2, 11.69
0.66, 0.833333333333333, 0.428571428571429, 1, 0, 0.666666666666667, 0.25, 0.2, 11.7
0.66, 0.833333333333333, 0.428571428571429, 1, 0, 1, 0.25, 0.2, 11.69
0.64, 0.916666666666667, 0.571428571428571, 1, 0, 0, 0.25, 0.2, 15.41
0.64, 0.916666666666667, 0.571428571428571, 1, 0, 0.333333333333333, 0.25, 0.2, 15.2
0.64, 0.916666666666667, 0.571428571428571, 1, 0, 0.666666666666667, 0.25, 0.2, 15.42
0.64, 0.916666666666667, 0.571428571428571, 1, 0, 1, 0.25, 0.2, 15.21
0.62, 1, 0.714285714285714, 1, 0, 0, 0.25, 0.2, 12.96
0.62, 1, 0.714285714285714, 1, 0, 0.333333333333333, 0.25, 0.2, 12.97
0.62, 1, 0.714285714285714, 1, 0, 0.666666666666667, 0.25, 0.2, 12.93
0.62, 1, 0.714285714285714, 1, 0, 1, 0.25, 0.2, 13.02
0.98, 0, 0.285714285714286, 0, 1, 0, 0.25, 0.4, 24.29
0.98, 0, 0.285714285714286, 0, 1, 0.333333333333333, 0.25, 0.4, 24.31
0.98, 0, 0.285714285714286, 0, 1, 0.666666666666667, 0.25, 0.4, 24.13
0.98, 0, 0.285714285714286, 0, 1, 1, 0.25, 0.4, 24.25
0.9, 0.166666666666667, 0.428571428571429, 0.111111111111111, 1, 0, 0.25, 0.4, 28.88
0.9, 0.166666666666667, 0.428571428571429, 0.111111111111111, 1, 0.333333333333333, 0.25, 0.4, 29.68
0.9, 0.166666666666667, 0.428571428571429, 0.111111111111111, 1, 0.666666666666667, 0.25, 0.4, 28.83
0.9, 0.166666666666667, 0.428571428571429, 0.111111111111111, 1, 1, 0.25, 0.4, 27.9
0.86, 0.25, 0.285714285714286, 0.333333333333333, 1, 0, 0.25, 0.4, 26.48
0.86, 0.25, 0.285714285714286, 0.333333333333333, 1, 0.333333333333333, 0.25, 0.4, 27.02
0.86, 0.25, 0.285714285714286, 0.333333333333333, 1, 0.666666666666667, 0.25, 0.4, 26.33
0.86, 0.25, 0.285714285714286, 0.333333333333333, 1, 1, 0.25, 0.4, 25.36
0.82, 0.333333333333333, 0.428571428571429, 0.333333333333333, 1, 0, 0.25, 0.4, 23.75
0.82, 0.333333333333333, 0.428571428571429, 0.333333333333333, 1, 0.333333333333333, 0.25, 0.4, 24.23
0.82, 0.333333333333333, 0.428571428571429, 0.333333333333333, 1, 0.666666666666667, 0.25, 0.4, 23.67
0.82, 0.333333333333333, 0.428571428571429, 0.333333333333333, 1, 1, 0.25, 0.4, 22.79
0.79, 0.416666666666667, 0.571428571428571, 0.333333333333333, 1, 0, 0.25, 0.4, 35.65
0.79, 0.416666666666667, 0.571428571428571, 0.333333333333333, 1, 0.333333333333333, 0.25, 0.4, 37.26
0.79, 0.416666666666667, 0.571428571428571, 0.333333333333333, 1, 0.666666666666667, 0.25, 0.4, 36.97
0.79, 0.416666666666667, 0.571428571428571, 0.333333333333333, 1, 1, 0.25, 0.4, 36.03
0.76, 0.5, 1, 0.111111111111111, 1, 0, 0.25, 0.4, 33.16
0.76, 0.5, 1, 0.111111111111111, 1, 0.333333333333333, 0.25, 0.4, 32.4
0.76, 0.5, 1, 0.111111111111111, 1, 0.666666666666667, 0.25, 0.4, 33.12
0.76, 0.5, 1, 0.111111111111111, 1, 1, 0.25, 0.4, 32.41
0.74, 0.583333333333333, 0, 1, 0, 0, 0.25, 0.4, 10.42
0.74, 0.583333333333333, 0, 1, 0, 0.333333333333333, 0.25, 0.4, 10.46
0.74, 0.583333333333333, 0, 1, 0, 0.666666666666667, 0.25, 0.4, 10.32
0.74, 0.583333333333333, 0, 1, 0, 1, 0.25, 0.4, 10.45
0.71, 0.666666666666667, 0.142857142857143, 1, 0, 0, 0.25, 0.4, 10.64
0.71, 0.666666666666667, 0.142857142857143, 1, 0, 0.333333333333333, 0.25, 0.4, 10.72
0.71, 0.666666666666667, 0.142857142857143, 1, 0, 0.666666666666667, 0.25, 0.4, 10.55
0.71, 0.666666666666667, 0.142857142857143, 1, 0, 1, 0.25, 0.4, 10.68
0.69, 0.75, 0.285714285714286, 1, 0, 0, 0.25, 0.4, 11.45
0.69, 0.75, 0.285714285714286, 1, 0, 0.333333333333333, 0.25, 0.4, 11.46
0.69, 0.75, 0.285714285714286, 1, 0, 0.666666666666667, 0.25, 0.4, 11.32
0.69, 0.75, 0.285714285714286, 1, 0, 1, 0.25, 0.4, 11.49
0.66, 0.833333333333333, 0.428571428571429, 1, 0, 0, 0.25, 0.4, 11.45
0.66, 0.833333333333333, 0.428571428571429, 1, 0, 0.333333333333333, 0.25, 0.4, 11.42
0.66, 0.833333333333333, 0.428571428571429, 1, 0, 0.666666666666667, 0.25, 0.4, 11.33
0.66, 0.833333333333333, 0.428571428571429, 1, 0, 1, 0.25, 0.4, 11.43
0.64, 0.916666666666667, 0.571428571428571, 1, 0, 0, 0.25, 0.4, 15.41
0.64, 0.916666666666667, 0.571428571428571, 1, 0, 0.333333333333333, 0.25, 0.4, 15.18
0.64, 0.916666666666667, 0.571428571428571, 1, 0, 0.666666666666667, 0.25, 0.4, 15.34
0.64, 0.916666666666667, 0.571428571428571, 1, 0, 1, 0.25, 0.4, 15.19
0.62, 1, 0.714285714285714, 1, 0, 0, 0.25, 0.4, 12.88
0.62, 1, 0.714285714285714, 1, 0, 0.333333333333333, 0.25, 0.4, 13
0.62, 1, 0.714285714285714, 1, 0, 0.666666666666667, 0.25, 0.4, 12.97
0.62, 1, 0.714285714285714, 1, 0, 1, 0.25, 0.4, 13.04
0.98, 0, 0.285714285714286, 0, 1, 0, 0.25, 0.6, 24.28
0.98, 0, 0.285714285714286, 0, 1, 0.333333333333333, 0.25, 0.6, 24.4
0.98, 0, 0.285714285714286, 0, 1, 0.666666666666667, 0.25, 0.6, 24.11
0.98, 0, 0.285714285714286, 0, 1, 1, 0.25, 0.6, 24.35
0.9, 0.166666666666667, 0.428571428571429, 0.111111111111111, 1, 0, 0.25, 0.6, 28.07
0.9, 0.166666666666667, 0.428571428571429, 0.111111111111111, 1, 0.333333333333333, 0.25, 0.6, 29.01
0.9, 0.166666666666667, 0.428571428571429, 0.111111111111111, 1, 0.666666666666667, 0.25, 0.6, 29.62
0.9, 0.166666666666667, 0.428571428571429, 0.111111111111111, 1, 1, 0.25, 0.6, 29.05
0.86, 0.25, 0.285714285714286, 0.333333333333333, 1, 0, 0.25, 0.6, 25.41
0.86, 0.25, 0.285714285714286, 0.333333333333333, 1, 0.333333333333333, 0.25, 0.6, 26.47
0.86, 0.25, 0.285714285714286, 0.333333333333333, 1, 0.666666666666667, 0.25, 0.6, 26.89
0.86, 0.25, 0.285714285714286, 0.333333333333333, 1, 1, 0.25, 0.6, 26.46
0.82, 0.333333333333333, 0.428571428571429, 0.333333333333333, 1, 0, 0.25, 0.6, 22.93
0.82, 0.333333333333333, 0.428571428571429, 0.333333333333333, 1, 0.333333333333333, 0.25, 0.6, 23.84
0.82, 0.333333333333333, 0.428571428571429, 0.333333333333333, 1, 0.666666666666667, 0.25, 0.6, 24.17
0.82, 0.333333333333333, 0.428571428571429, 0.333333333333333, 1, 1, 0.25, 0.6, 23.87
0.79, 0.416666666666667, 0.571428571428571, 0.333333333333333, 1, 0, 0.25, 0.6, 35.78
0.79, 0.416666666666667, 0.571428571428571, 0.333333333333333, 1, 0.333333333333333, 0.25, 0.6, 35.48
0.79, 0.416666666666667, 0.571428571428571, 0.333333333333333, 1, 0.666666666666667, 0.25, 0.6, 36.97
0.79, 0.416666666666667, 0.571428571428571, 0.333333333333333, 1, 1, 0.25, 0.6, 36.7
0.76, 0.5, 1, 0.111111111111111, 1, 0, 0.25, 0.6, 32.52
0.76, 0.5, 1, 0.111111111111111, 1, 0.333333333333333, 0.25, 0.6, 33.28
0.76, 0.5, 1, 0.111111111111111, 1, 0.666666666666667, 0.25, 0.6, 32.33
0.76, 0.5, 1, 0.111111111111111, 1, 1, 0.25, 0.6, 33.24
0.74, 0.583333333333333, 0, 1, 0, 0, 0.25, 0.6, 10.39
0.74, 0.583333333333333, 0, 1, 0, 0.333333333333333, 0.25, 0.6, 10.34
0.74, 0.583333333333333, 0, 1, 0, 0.666666666666667, 0.25, 0.6, 10.35
0.74, 0.583333333333333, 0, 1, 0, 1, 0.25, 0.6, 10.38
0.71, 0.666666666666667, 0.142857142857143, 1, 0, 0, 0.25, 0.6, 10.77
0.71, 0.666666666666667, 0.142857142857143, 1, 0, 0.333333333333333, 0.25, 0.6, 10.68
0.71, 0.666666666666667, 0.142857142857143, 1, 0, 0.666666666666667, 0.25, 0.6, 10.68
0.71, 0.666666666666667, 0.142857142857143, 1, 0, 1, 0.25, 0.6, 10.7
0.69, 0.75, 0.285714285714286, 1, 0, 0, 0.25, 0.6, 11.22
0.69, 0.75, 0.285714285714286, 1, 0, 0.333333333333333, 0.25, 0.6, 11.16
0.69, 0.75, 0.285714285714286, 1, 0, 0.666666666666667, 0.25, 0.6, 11.1
0.69, 0.75, 0.285714285714286, 1, 0, 1, 0.25, 0.6, 11.14
0.66, 0.833333333333333, 0.428571428571429, 1, 0, 0, 0.25, 0.6, 11.59
0.66, 0.833333333333333, 0.428571428571429, 1, 0, 0.333333333333333, 0.25, 0.6, 11.6
0.66, 0.833333333333333, 0.428571428571429, 1, 0, 0.666666666666667, 0.25, 0.6, 11.53
0.66, 0.833333333333333, 0.428571428571429, 1, 0, 1, 0.25, 0.6, 11.61
0.64, 0.916666666666667, 0.571428571428571, 1, 0, 0, 0.25, 0.6, 15.16
0.64, 0.916666666666667, 0.571428571428571, 1, 0, 0.333333333333333, 0.25, 0.6, 15.36
0.64, 0.916666666666667, 0.571428571428571, 1, 0, 0.666666666666667, 0.25, 0.6, 15.12
0.64, 0.916666666666667, 0.571428571428571, 1, 0, 1, 0.25, 0.6, 15.36
0.62, 1, 0.714285714285714, 1, 0, 0, 0.25, 0.6, 12.68
0.62, 1, 0.714285714285714, 1, 0, 0.333333333333333, 0.25, 0.6, 12.63
0.62, 1, 0.714285714285714, 1, 0, 0.666666666666667, 0.25, 0.6, 12.71
0.62, 1, 0.714285714285714, 1, 0, 1, 0.25, 0.6, 12.73
0.98, 0, 0.285714285714286, 0, 1, 0, 0.25, 0.8, 24.38
0.98, 0, 0.285714285714286, 0, 1, 0.333333333333333, 0.25, 0.8, 24.23
0.98, 0, 0.285714285714286, 0, 1, 0.666666666666667, 0.25, 0.8, 24.04
0.98, 0, 0.285714285714286, 0, 1, 1, 0.25, 0.8, 24.32
0.9, 0.166666666666667, 0.428571428571429, 0.111111111111111, 1, 0, 0.25, 0.8, 29.06
0.9, 0.166666666666667, 0.428571428571429, 0.111111111111111, 1, 0.333333333333333, 0.25, 0.8, 28.05
0.9, 0.166666666666667, 0.428571428571429, 0.111111111111111, 1, 0.666666666666667, 0.25, 0.8, 28.86
0.9, 0.166666666666667, 0.428571428571429, 0.111111111111111, 1, 1, 0.25, 0.8, 29.79
0.86, 0.25, 0.285714285714286, 0.333333333333333, 1, 0, 0.25, 0.8, 26.44
0.86, 0.25, 0.285714285714286, 0.333333333333333, 1, 0.333333333333333, 0.25, 0.8, 25.37
0.86, 0.25, 0.285714285714286, 0.333333333333333, 1, 0.666666666666667, 0.25, 0.8, 26.33
0.86, 0.25, 0.285714285714286, 0.333333333333333, 1, 1, 0.25, 0.8, 27.03
0.82, 0.333333333333333, 0.428571428571429, 0.333333333333333, 1, 0, 0.25, 0.8, 23.8
0.82, 0.333333333333333, 0.428571428571429, 0.333333333333333, 1, 0.333333333333333, 0.25, 0.8, 22.8
0.82, 0.333333333333333, 0.428571428571429, 0.333333333333333, 1, 0.666666666666667, 0.25, 0.8, 23.59
0.82, 0.333333333333333, 0.428571428571429, 0.333333333333333, 1, 1, 0.25, 0.8, 24.24
0.79, 0.416666666666667, 0.571428571428571, 0.333333333333333, 1, 0, 0.25, 0.8, 36.86
0.79, 0.416666666666667, 0.571428571428571, 0.333333333333333, 1, 0.333333333333333, 0.25, 0.8, 35.89
0.79, 0.416666666666667, 0.571428571428571, 0.333333333333333, 1, 0.666666666666667, 0.25, 0.8, 35.45
0.79, 0.416666666666667, 0.571428571428571, 0.333333333333333, 1, 1, 0.25, 0.8, 37.1
0.76, 0.5, 1, 0.111111111111111, 1, 0, 0.25, 0.8, 33.08
0.76, 0.5, 1, 0.111111111111111, 1, 0.333333333333333, 0.25, 0.8, 32.38
0.76, 0.5, 1, 0.111111111111111, 1, 0.666666666666667, 0.25, 0.8, 33.09
0.76, 0.5, 1, 0.111111111111111, 1, 1, 0.25, 0.8, 32.31
0.74, 0.583333333333333, 0, 1, 0, 0, 0.25, 0.8, 10.08
0.74, 0.583333333333333, 0, 1, 0, 0.333333333333333, 0.25, 0.8, 10.15
0.74, 0.583333333333333, 0, 1, 0, 0.666666666666667, 0.25, 0.8, 10.07
0.74, 0.583333333333333, 0, 1, 0, 1, 0.25, 0.8, 10.14
0.71, 0.666666666666667, 0.142857142857143, 1, 0, 0, 0.25, 0.8, 10.66
0.71, 0.666666666666667, 0.142857142857143, 1, 0, 0.333333333333333, 0.25, 0.8, 10.68
0.71, 0.666666666666667, 0.142857142857143, 1, 0, 0.666666666666667, 0.25, 0.8, 10.53
0.71, 0.666666666666667, 0.142857142857143, 1, 0, 1, 0.25, 0.8, 10.72
0.69, 0.75, 0.285714285714286, 1, 0, 0, 0.25, 0.8, 11.18
0.69, 0.75, 0.285714285714286, 1, 0, 0.333333333333333, 0.25, 0.8, 11.22
0.69, 0.75, 0.285714285714286, 1, 0, 0.666666666666667, 0.25, 0.8, 11.07
0.69, 0.75, 0.285714285714286, 1, 0, 1, 0.25, 0.8, 11.2
0.66, 0.833333333333333, 0.428571428571429, 1, 0, 0, 0.25, 0.8, 11.44
0.66, 0.833333333333333, 0.428571428571429, 1, 0, 0.333333333333333, 0.25, 0.8, 11.42
0.66, 0.833333333333333, 0.428571428571429, 1, 0, 0.666666666666667, 0.25, 0.8, 11.33
0.66, 0.833333333333333, 0.428571428571429, 1, 0, 1, 0.25, 0.8, 11.43
0.64, 0.916666666666667, 0.571428571428571, 1, 0, 0, 0.25, 0.8, 15.4
0.64, 0.916666666666667, 0.571428571428571, 1, 0, 0.333333333333333, 0.25, 0.8, 15.19
0.64, 0.916666666666667, 0.571428571428571, 1, 0, 0.666666666666667, 0.25, 0.8, 15.32
0.64, 0.916666666666667, 0.571428571428571, 1, 0, 1, 0.25, 0.8, 15.16
0.62, 1, 0.714285714285714, 1, 0, 0, 0.25, 0.8, 12.85
0.62, 1, 0.714285714285714, 1, 0, 0.333333333333333, 0.25, 0.8, 13.04
0.62, 1, 0.714285714285714, 1, 0, 0.666666666666667, 0.25, 0.8, 13
0.62, 1, 0.714285714285714, 1, 0, 1, 0.25, 0.8, 13
0.98, 0, 0.285714285714286, 0, 1, 0, 0.25, 1, 24.35
0.98, 0, 0.285714285714286, 0, 1, 0.333333333333333, 0.25, 1, 24.33
0.98, 0, 0.285714285714286, 0, 1, 0.666666666666667, 0.25, 1, 24.03
0.98, 0, 0.285714285714286, 0, 1, 1, 0.25, 1, 24.26
0.9, 0.166666666666667, 0.428571428571429, 0.111111111111111, 1, 0, 0.25, 1, 29.83
0.9, 0.166666666666667, 0.428571428571429, 0.111111111111111, 1, 0.333333333333333, 0.25, 1, 29.08
0.9, 0.166666666666667, 0.428571428571429, 0.111111111111111, 1, 0.666666666666667, 0.25, 1, 28.03
0.9, 0.166666666666667, 0.428571428571429, 0.111111111111111, 1, 1, 0.25, 1, 29.02
0.86, 0.25, 0.285714285714286, 0.333333333333333, 1, 0, 0.25, 1, 27.03
0.86, 0.25, 0.285714285714286, 0.333333333333333, 1, 0.333333333333333, 0.25, 1, 26.45
0.86, 0.25, 0.285714285714286, 0.333333333333333, 1, 0.666666666666667, 0.25, 1, 25.36
0.86, 0.25, 0.285714285714286, 0.333333333333333, 1, 1, 0.25, 1, 26.45
0.82, 0.333333333333333, 0.428571428571429, 0.333333333333333, 1, 0, 0.25, 1, 24.37
0.82, 0.333333333333333, 0.428571428571429, 0.333333333333333, 1, 0.333333333333333, 0.25, 1, 23.89
0.82, 0.333333333333333, 0.428571428571429, 0.333333333333333, 1, 0.666666666666667, 0.25, 1, 22.89
0.82, 0.333333333333333, 0.428571428571429, 0.333333333333333, 1, 1, 0.25, 1, 23.86
0.79, 0.416666666666667, 0.571428571428571, 0.333333333333333, 1, 0, 0.25, 1, 37.03
0.79, 0.416666666666667, 0.571428571428571, 0.333333333333333, 1, 0.333333333333333, 0.25, 1, 36.71
0.79, 0.416666666666667, 0.571428571428571, 0.333333333333333, 1, 0.666666666666667, 0.25, 1, 36.77
0.79, 0.416666666666667, 0.571428571428571, 0.333333333333333, 1, 1, 0.25, 1, 35.48
0.76, 0.5, 1, 0.111111111111111, 1, 0, 0.25, 1, 32.31
0.76, 0.5, 1, 0.111111111111111, 1, 0.333333333333333, 0.25, 1, 33.21
0.76, 0.5, 1, 0.111111111111111, 1, 0.666666666666667, 0.25, 1, 32.46
0.76, 0.5, 1, 0.111111111111111, 1, 1, 0.25, 1, 33.27
0.74, 0.583333333333333, 0, 1, 0, 0, 0.25, 1, 10.47
0.74, 0.583333333333333, 0, 1, 0, 0.333333333333333, 0.25, 1, 10.37
0.74, 0.583333333333333, 0, 1, 0, 0.666666666666667, 0.25, 1, 10.34
0.74, 0.583333333333333, 0, 1, 0, 1, 0.25, 1, 10.39
0.71, 0.666666666666667, 0.142857142857143, 1, 0, 0, 0.25, 1, 10.78
0.71, 0.666666666666667, 0.142857142857143, 1, 0, 0.333333333333333, 0.25, 1, 10.7
0.71, 0.666666666666667, 0.142857142857143, 1, 0, 0.666666666666667, 0.25, 1, 10.67
0.71, 0.666666666666667, 0.142857142857143, 1, 0, 1, 0.25, 1, 13.69
0.69, 0.75, 0.285714285714286, 1, 0, 0, 0.25, 1, 11.21
0.69, 0.75, 0.285714285714286, 1, 0, 0.333333333333333, 0.25, 1, 11.14
0.69, 0.75, 0.285714285714286, 1, 0, 0.666666666666667, 0.25, 1, 11.11
0.69, 0.75, 0.285714285714286, 1, 0, 1, 0.25, 1, 11.16
0.66, 0.833333333333333, 0.428571428571429, 1, 0, 0, 0.25, 1, 11.38
0.66, 0.833333333333333, 0.428571428571429, 1, 0, 0.333333333333333, 0.25, 1, 11.34
0.66, 0.833333333333333, 0.428571428571429, 1, 0, 0.666666666666667, 0.25, 1, 11.22
0.66, 0.833333333333333, 0.428571428571429, 1, 0, 1, 0.25, 1, 11.34
0.64, 0.916666666666667, 0.571428571428571, 1, 0, 0, 0.25, 1, 15.16
0.64, 0.916666666666667, 0.571428571428571, 1, 0, 0.333333333333333, 0.25, 1, 15.37
0.64, 0.916666666666667, 0.571428571428571, 1, 0, 0.666666666666667, 0.25, 1, 15.12
0.64, 0.916666666666667, 0.571428571428571, 1, 0, 1, 0.25, 1, 15.36
0.62, 1, 0.714285714285714, 1, 0, 0, 0.25, 1, 12.59
0.62, 1, 0.714285714285714, 1, 0, 0.333333333333333, 0.25, 1, 12.74
0.62, 1, 0.714285714285714, 1, 0, 0.666666666666667, 0.25, 1, 12.8
0.62, 1, 0.714285714285714, 1, 0, 1, 0.25, 1, 12.62
0.98, 0, 0.285714285714286, 0, 1, 0, 0.625, 0.2, 28.15
0.98, 0, 0.285714285714286, 0, 1, 0.333333333333333, 0.625, 0.2, 28.15
0.98, 0, 0.285714285714286, 0, 1, 0.666666666666667, 0.625, 0.2, 28.37
0.98, 0, 0.285714285714286, 0, 1, 1, 0.625, 0.2, 28.41
0.9, 0.166666666666667, 0.428571428571429, 0.111111111111111, 1, 0, 0.625, 0.2, 32.68
0.9, 0.166666666666667, 0.428571428571429, 0.111111111111111, 1, 0.333333333333333, 0.625, 0.2, 33.48
0.9, 0.166666666666667, 0.428571428571429, 0.111111111111111, 1, 0.666666666666667, 0.625, 0.2, 32.84
0.9, 0.166666666666667, 0.428571428571429, 0.111111111111111, 1, 1, 0.625, 0.2, 32
0.86, 0.25, 0.285714285714286, 0.333333333333333, 1, 0, 0.625, 0.2, 29.54
0.86, 0.25, 0.285714285714286, 0.333333333333333, 1, 0.333333333333333, 0.625, 0.2, 30.05
0.86, 0.25, 0.285714285714286, 0.333333333333333, 1, 0.666666666666667, 0.625, 0.2, 29.6
0.86, 0.25, 0.285714285714286, 0.333333333333333, 1, 1, 0.625, 0.2, 28.66
0.82, 0.333333333333333, 0.428571428571429, 0.333333333333333, 1, 0, 0.625, 0.2, 26.84
0.82, 0.333333333333333, 0.428571428571429, 0.333333333333333, 1, 0.333333333333333, 0.625, 0.2, 27.27
0.82, 0.333333333333333, 0.428571428571429, 0.333333333333333, 1, 0.666666666666667, 0.625, 0.2, 26.97
0.82, 0.333333333333333, 0.428571428571429, 0.333333333333333, 1, 1, 0.625, 0.2, 26.19
0.79, 0.416666666666667, 0.571428571428571, 0.333333333333333, 1, 0, 0.625, 0.2, 38.67
0.79, 0.416666666666667, 0.571428571428571, 0.333333333333333, 1, 0.333333333333333, 0.625, 0.2, 40.03
0.79, 0.416666666666667, 0.571428571428571, 0.333333333333333, 1, 0.666666666666667, 0.625, 0.2, 39.86
0.79, 0.416666666666667, 0.571428571428571, 0.333333333333333, 1, 1, 0.625, 0.2, 39.04
0.76, 0.5, 1, 0.111111111111111, 1, 0, 0.625, 0.2, 36.96
0.76, 0.5, 1, 0.111111111111111, 1, 0.333333333333333, 0.625, 0.2, 36.13
0.76, 0.5, 1, 0.111111111111111, 1, 0.666666666666667, 0.625, 0.2, 36.91
0.76, 0.5, 1, 0.111111111111111, 1, 1, 0.625, 0.2, 36.43
0.74, 0.583333333333333, 0, 1, 0, 0, 0.625, 0.2, 12.43
0.74, 0.583333333333333, 0, 1, 0, 0.333333333333333, 0.625, 0.2, 12.5
0.74, 0.583333333333333, 0, 1, 0, 0.666666666666667, 0.625, 0.2, 12.41
0.74, 0.583333333333333, 0, 1, 0, 1, 0.625, 0.2, 12.45
0.71, 0.666666666666667, 0.142857142857143, 1, 0, 0, 0.625, 0.2, 12.57
0.71, 0.666666666666667, 0.142857142857143, 1, 0, 0.333333333333333, 0.625, 0.2, 12.65
0.71, 0.666666666666667, 0.142857142857143, 1, 0, 0.666666666666667, 0.625, 0.2, 12.57
0.71, 0.666666666666667, 0.142857142857143, 1, 0, 1, 0.625, 0.2, 12.63
0.69, 0.75, 0.285714285714286, 1, 0, 0, 0.625, 0.2, 12.78
0.69, 0.75, 0.285714285714286, 1, 0, 0.333333333333333, 0.625, 0.2, 12.93
0.69, 0.75, 0.285714285714286, 1, 0, 0.666666666666667, 0.625, 0.2, 12.73
0.69, 0.75, 0.285714285714286, 1, 0, 1, 0.625, 0.2, 12.72
0.66, 0.833333333333333, 0.428571428571429, 1, 0, 0, 0.625, 0.2, 13.17
0.66, 0.833333333333333, 0.428571428571429, 1, 0, 0.333333333333333, 0.625, 0.2, 13.18
0.66, 0.833333333333333, 0.428571428571429, 1, 0, 0.666666666666667, 0.625, 0.2, 13.17
0.66, 0.833333333333333, 0.428571428571429, 1, 0, 1, 0.625, 0.2, 13.18
0.64, 0.916666666666667, 0.571428571428571, 1, 0, 0, 0.625, 0.2, 17.5
0.64, 0.916666666666667, 0.571428571428571, 1, 0, 0.333333333333333, 0.625, 0.2, 17.35
0.64, 0.916666666666667, 0.571428571428571, 1, 0, 0.666666666666667, 0.625, 0.2, 17.52
0.64, 0.916666666666667, 0.571428571428571, 1, 0, 1, 0.625, 0.2, 17.37
0.62, 1, 0.714285714285714, 1, 0, 0, 0.625, 0.2, 15.09
0.62, 1, 0.714285714285714, 1, 0, 0.333333333333333, 0.625, 0.2, 15.12
0.62, 1, 0.714285714285714, 1, 0, 0.666666666666667, 0.625, 0.2, 15.08
0.62, 1, 0.714285714285714, 1, 0, 1, 0.625, 0.2, 15.16
0.98, 0, 0.285714285714286, 0, 1, 0, 0.625, 0.4, 28.67
0.98, 0, 0.285714285714286, 0, 1, 0.333333333333333, 0.625, 0.4, 28.57
0.98, 0, 0.285714285714286, 0, 1, 0.666666666666667, 0.625, 0.4, 28.18
0.98, 0, 0.285714285714286, 0, 1, 1, 0.625, 0.4, 28.6
0.9, 0.166666666666667, 0.428571428571429, 0.111111111111111, 1, 0, 0.625, 0.4, 32.46
0.9, 0.166666666666667, 0.428571428571429, 0.111111111111111, 1, 0.333333333333333, 0.625, 0.4, 33.27
0.9, 0.166666666666667, 0.428571428571429, 0.111111111111111, 1, 0.666666666666667, 0.625, 0.4, 32.33
0.9, 0.166666666666667, 0.428571428571429, 0.111111111111111, 1, 1, 0.625, 0.4, 31.66
0.86, 0.25, 0.285714285714286, 0.333333333333333, 1, 0, 0.625, 0.4, 29.34
0.86, 0.25, 0.285714285714286, 0.333333333333333, 1, 0.333333333333333, 0.625, 0.4, 29.87
0.86, 0.25, 0.285714285714286, 0.333333333333333, 1, 0.666666666666667, 0.625, 0.4, 29.27
0.86, 0.25, 0.285714285714286, 0.333333333333333, 1, 1, 0.625, 0.4, 28.4
0.82, 0.333333333333333, 0.428571428571429, 0.333333333333333, 1, 0, 0.625, 0.4, 25.74
0.82, 0.333333333333333, 0.428571428571429, 0.333333333333333, 1, 0.333333333333333, 0.625, 0.4, 25.98
0.82, 0.333333333333333, 0.428571428571429, 0.333333333333333, 1, 0.666666666666667, 0.625, 0.4, 25.38
0.82, 0.333333333333333, 0.428571428571429, 0.333333333333333, 1, 1, 0.625, 0.4, 24.94
0.79, 0.416666666666667, 0.571428571428571, 0.333333333333333, 1, 0, 0.625, 0.4, 38.57
0.79, 0.416666666666667, 0.571428571428571, 0.333333333333333, 1, 0.333333333333333, 0.625, 0.4, 40.19
0.79, 0.416666666666667, 0.571428571428571, 0.333333333333333, 1, 0.666666666666667, 0.625, 0.4, 39.97
0.79, 0.416666666666667, 0.571428571428571, 0.333333333333333, 1, 1, 0.625, 0.4, 38.98
0.76, 0.5, 1, 0.111111111111111, 1, 0, 0.625, 0.4, 36.95
0.76, 0.5, 1, 0.111111111111111, 1, 0.333333333333333, 0.625, 0.4, 36.28
0.76, 0.5, 1, 0.111111111111111, 1, 0.666666666666667, 0.625, 0.4, 36.86
0.76, 0.5, 1, 0.111111111111111, 1, 1, 0.625, 0.4, 36.45
0.74, 0.583333333333333, 0, 1, 0, 0, 0.625, 0.4, 12.35
0.74, 0.583333333333333, 0, 1, 0, 0.333333333333333, 0.625, 0.4, 12.45
0.74, 0.583333333333333, 0, 1, 0, 0.666666666666667, 0.625, 0.4, 12.16
0.74, 0.583333333333333, 0, 1, 0, 1, 0.625, 0.4, 12.3
0.71, 0.666666666666667, 0.142857142857143, 1, 0, 0, 0.625, 0.4, 12.33
0.71, 0.666666666666667, 0.142857142857143, 1, 0, 0.333333333333333, 0.625, 0.4, 12.29
0.71, 0.666666666666667, 0.142857142857143, 1, 0, 0.666666666666667, 0.625, 0.4, 12.2
0.71, 0.666666666666667, 0.142857142857143, 1, 0, 1, 0.625, 0.4, 12.49
0.69, 0.75, 0.285714285714286, 1, 0, 0, 0.625, 0.4, 12.85
0.69, 0.75, 0.285714285714286, 1, 0, 0.333333333333333, 0.625, 0.4, 12.87
0.69, 0.75, 0.285714285714286, 1, 0, 0.666666666666667, 0.625, 0.4, 12.73
0.69, 0.75, 0.285714285714286, 1, 0, 1, 0.625, 0.4, 12.95
0.66, 0.833333333333333, 0.428571428571429, 1, 0, 0, 0.625, 0.4, 13.05
0.66, 0.833333333333333, 0.428571428571429, 1, 0, 0.333333333333333, 0.625, 0.4, 12.93
0.66, 0.833333333333333, 0.428571428571429, 1, 0, 0.666666666666667, 0.625, 0.4, 12.77
0.66, 0.833333333333333, 0.428571428571429, 1, 0, 1, 0.625, 0.4, 13
0.64, 0.916666666666667, 0.571428571428571, 1, 0, 0, 0.625, 0.4, 17.14
0.64, 0.916666666666667, 0.571428571428571, 1, 0, 0.333333333333333, 0.625, 0.4, 16.84
0.64, 0.916666666666667, 0.571428571428571, 1, 0, 0.666666666666667, 0.625, 0.4, 17.02
0.64, 0.916666666666667, 0.571428571428571, 1, 0, 1, 0.625, 0.4, 17.11
0.62, 1, 0.714285714285714, 1, 0, 0, 0.625, 0.4, 14.34
0.62, 1, 0.714285714285714, 1, 0, 0.333333333333333, 0.625, 0.4, 14.66
0.62, 1, 0.714285714285714, 1, 0, 0.666666666666667, 0.625, 0.4, 14.6
0.62, 1, 0.714285714285714, 1, 0, 1, 0.625, 0.4, 14.6
0.98, 0, 0.285714285714286, 0, 1, 0, 0.625, 0.6, 28.67
0.98, 0, 0.285714285714286, 0, 1, 0.333333333333333, 0.625, 0.6, 28.56
0.98, 0, 0.285714285714286, 0, 1, 0.666666666666667, 0.625, 0.6, 28.17
0.98, 0, 0.285714285714286, 0, 1, 1, 0.625, 0.6, 28.63
0.9, 0.166666666666667, 0.428571428571429, 0.111111111111111, 1, 0, 0.625, 0.6, 31.63
0.9, 0.166666666666667, 0.428571428571429, 0.111111111111111, 1, 0.333333333333333, 0.625, 0.6, 32.4
0.9, 0.166666666666667, 0.428571428571429, 0.111111111111111, 1, 0.666666666666667, 0.625, 0.6, 32.68
0.9, 0.166666666666667, 0.428571428571429, 0.111111111111111, 1, 1, 0.625, 0.6, 32.29
0.86, 0.25, 0.285714285714286, 0.333333333333333, 1, 0, 0.625, 0.6, 28.4
0.86, 0.25, 0.285714285714286, 0.333333333333333, 1, 0.333333333333333, 0.625, 0.6, 29.4
0.86, 0.25, 0.285714285714286, 0.333333333333333, 1, 0.666666666666667, 0.625, 0.6, 29.43
0.86, 0.25, 0.285714285714286, 0.333333333333333, 1, 1, 0.625, 0.6, 29.07
0.82, 0.333333333333333, 0.428571428571429, 0.333333333333333, 1, 0, 0.625, 0.6, 24.7
0.82, 0.333333333333333, 0.428571428571429, 0.333333333333333, 1, 0.333333333333333, 0.625, 0.6, 25.48
0.82, 0.333333333333333, 0.428571428571429, 0.333333333333333, 1, 0.666666666666667, 0.625, 0.6, 25.37
0.82, 0.333333333333333, 0.428571428571429, 0.333333333333333, 1, 1, 0.625, 0.6, 25.17
0.79, 0.416666666666667, 0.571428571428571, 0.333333333333333, 1, 0, 0.625, 0.6, 39.04
0.79, 0.416666666666667, 0.571428571428571, 0.333333333333333, 1, 0.333333333333333, 0.625, 0.6, 38.35
0.79, 0.416666666666667, 0.571428571428571, 0.333333333333333, 1, 0.666666666666667, 0.625, 0.6, 39.81
0.79, 0.416666666666667, 0.571428571428571, 0.333333333333333, 1, 1, 0.625, 0.6, 39.83
0.76, 0.5, 1, 0.111111111111111, 1, 0, 0.625, 0.6, 35.99
0.76, 0.5, 1, 0.111111111111111, 1, 0.333333333333333, 0.625, 0.6, 36.59
0.76, 0.5, 1, 0.111111111111111, 1, 0.666666666666667, 0.625, 0.6, 35.64
0.76, 0.5, 1, 0.111111111111111, 1, 1, 0.625, 0.6, 36.52
0.74, 0.583333333333333, 0, 1, 0, 0, 0.625, 0.6, 11.8
0.74, 0.583333333333333, 0, 1, 0, 0.333333333333333, 0.625, 0.6, 12.03
0.74, 0.583333333333333, 0, 1, 0, 0.666666666666667, 0.625, 0.6, 11.98
0.74, 0.583333333333333, 0, 1, 0, 1, 0.625, 0.6, 11.69
0.71, 0.666666666666667, 0.142857142857143, 1, 0, 0, 0.625, 0.6, 12.41
0.71, 0.666666666666667, 0.142857142857143, 1, 0, 0.333333333333333, 0.625, 0.6, 12.28
0.71, 0.666666666666667, 0.142857142857143, 1, 0, 0.666666666666667, 0.625, 0.6, 12.1
0.71, 0.666666666666667, 0.142857142857143, 1, 0, 1, 0.625, 0.6, 12.19
0.69, 0.75, 0.285714285714286, 1, 0, 0, 0.625, 0.6, 12.34
0.69, 0.75, 0.285714285714286, 1, 0, 0.333333333333333, 0.625, 0.6, 12.46
0.69, 0.75, 0.285714285714286, 1, 0, 0.666666666666667, 0.625, 0.6, 12.31
0.69, 0.75, 0.285714285714286, 1, 0, 1, 0.625, 0.6, 12.12
0.66, 0.833333333333333, 0.428571428571429, 1, 0, 0, 0.625, 0.6, 12.97
0.66, 0.833333333333333, 0.428571428571429, 1, 0, 0.333333333333333, 0.625, 0.6, 13.01
0.66, 0.833333333333333, 0.428571428571429, 1, 0, 0.666666666666667, 0.625, 0.6, 12.74
0.66, 0.833333333333333, 0.428571428571429, 1, 0, 1, 0.625, 0.6, 12.84
0.64, 0.916666666666667, 0.571428571428571, 1, 0, 0, 0.625, 0.6, 16.83
0.64, 0.916666666666667, 0.571428571428571, 1, 0, 0.333333333333333, 0.625, 0.6, 16.93
0.64, 0.916666666666667, 0.571428571428571, 1, 0, 0.666666666666667, 0.625, 0.6, 16.66
0.64, 0.916666666666667, 0.571428571428571, 1, 0, 1, 0.625, 0.6, 16.86
0.62, 1, 0.714285714285714, 1, 0, 0, 0.625, 0.6, 13.91
0.62, 1, 0.714285714285714, 1, 0, 0.333333333333333, 0.625, 0.6, 14.34
0.62, 1, 0.714285714285714, 1, 0, 0.666666666666667, 0.625, 0.6, 13.95
0.62, 1, 0.714285714285714, 1, 0, 1, 0.625, 0.6, 13.99
0.98, 0, 0.285714285714286, 0, 1, 0, 0.625, 0.8, 28.7
0.98, 0, 0.285714285714286, 0, 1, 0.333333333333333, 0.625, 0.8, 28.55
0.98, 0, 0.285714285714286, 0, 1, 0.666666666666667, 0.625, 0.8, 28.15
0.98, 0, 0.285714285714286, 0, 1, 1, 0.625, 0.8, 28.62
0.9, 0.166666666666667, 0.428571428571429, 0.111111111111111, 1, 0, 0.625, 0.8, 32.67
0.9, 0.166666666666667, 0.428571428571429, 0.111111111111111, 1, 0.333333333333333, 0.625, 0.8, 31.69
0.9, 0.166666666666667, 0.428571428571429, 0.111111111111111, 1, 0.666666666666667, 0.625, 0.8, 32.07
0.9, 0.166666666666667, 0.428571428571429, 0.111111111111111, 1, 1, 0.625, 0.8, 33.28
0.86, 0.25, 0.285714285714286, 0.333333333333333, 1, 0, 0.625, 0.8, 29.47
0.86, 0.25, 0.285714285714286, 0.333333333333333, 1, 0.333333333333333, 0.625, 0.8, 28.42
0.86, 0.25, 0.285714285714286, 0.333333333333333, 1, 0.666666666666667, 0.625, 0.8, 29.08
0.86, 0.25, 0.285714285714286, 0.333333333333333, 1, 1, 0.625, 0.8, 29.88
0.82, 0.333333333333333, 0.428571428571429, 0.333333333333333, 1, 0, 0.625, 0.8, 25.66
0.82, 0.333333333333333, 0.428571428571429, 0.333333333333333, 1, 0.333333333333333, 0.625, 0.8, 24.96
0.82, 0.333333333333333, 0.428571428571429, 0.333333333333333, 1, 0.666666666666667, 0.625, 0.8, 25.43
0.82, 0.333333333333333, 0.428571428571429, 0.333333333333333, 1, 1, 0.625, 0.8, 26
0.79, 0.416666666666667, 0.571428571428571, 0.333333333333333, 1, 0, 0.625, 0.8, 40
0.79, 0.416666666666667, 0.571428571428571, 0.333333333333333, 1, 0.333333333333333, 0.625, 0.8, 38.84
0.79, 0.416666666666667, 0.571428571428571, 0.333333333333333, 1, 0.666666666666667, 0.625, 0.8, 38.33
0.79, 0.416666666666667, 0.571428571428571, 0.333333333333333, 1, 1, 0.625, 0.8, 40.12
0.76, 0.5, 1, 0.111111111111111, 1, 0, 0.625, 0.8, 36.95
0.76, 0.5, 1, 0.111111111111111, 1, 0.333333333333333, 0.625, 0.8, 36.45
0.76, 0.5, 1, 0.111111111111111, 1, 0.666666666666667, 0.625, 0.8, 36.81
0.76, 0.5, 1, 0.111111111111111, 1, 1, 0.625, 0.8, 36.26
0.74, 0.583333333333333, 0, 1, 0, 0, 0.625, 0.8, 12.32
0.74, 0.583333333333333, 0, 1, 0, 0.333333333333333, 0.625, 0.8, 12.3
0.74, 0.583333333333333, 0, 1, 0, 0.666666666666667, 0.625, 0.8, 12.18
0.74, 0.583333333333333, 0, 1, 0, 1, 0.625, 0.8, 12.43
0.71, 0.666666666666667, 0.142857142857143, 1, 0, 0, 0.625, 0.8, 12.36
0.71, 0.666666666666667, 0.142857142857143, 1, 0, 0.333333333333333, 0.625, 0.8, 12.49
0.71, 0.666666666666667, 0.142857142857143, 1, 0, 0.666666666666667, 0.625, 0.8, 12.17
0.71, 0.666666666666667, 0.142857142857143, 1, 0, 1, 0.625, 0.8, 12.28
0.69, 0.75, 0.285714285714286, 1, 0, 0, 0.625, 0.8, 12.91
0.69, 0.75, 0.285714285714286, 1, 0, 0.333333333333333, 0.625, 0.8, 12.95
0.69, 0.75, 0.285714285714286, 1, 0, 0.666666666666667, 0.625, 0.8, 12.67
0.69, 0.75, 0.285714285714286, 1, 0, 1, 0.625, 0.8, 12.86
0.66, 0.833333333333333, 0.428571428571429, 1, 0, 0, 0.625, 0.8, 12.95
0.66, 0.833333333333333, 0.428571428571429, 1, 0, 0.333333333333333, 0.625, 0.8, 13
0.66, 0.833333333333333, 0.428571428571429, 1, 0, 0.666666666666667, 0.625, 0.8, 12.86
0.66, 0.833333333333333, 0.428571428571429, 1, 0, 1, 0.625, 0.8, 12.92
0.64, 0.916666666666667, 0.571428571428571, 1, 0, 0, 0.625, 0.8, 16.99
0.64, 0.916666666666667, 0.571428571428571, 1, 0, 0.333333333333333, 0.625, 0.8, 16.69
0.64, 0.916666666666667, 0.571428571428571, 1, 0, 0.666666666666667, 0.625, 0.8, 16.56
0.64, 0.916666666666667, 0.571428571428571, 1, 0, 1, 0.625, 0.8, 16.62
0.62, 1, 0.714285714285714, 1, 0, 0, 0.625, 0.8, 14.33
0.62, 1, 0.714285714285714, 1, 0, 0.333333333333333, 0.625, 0.8, 14.61
0.62, 1, 0.714285714285714, 1, 0, 0.666666666666667, 0.625, 0.8, 14.61
0.62, 1, 0.714285714285714, 1, 0, 1, 0.625, 0.8, 14.65
0.98, 0, 0.285714285714286, 0, 1, 0, 0.625, 1, 28.69
0.98, 0, 0.285714285714286, 0, 1, 0.333333333333333, 0.625, 1, 28.58
0.98, 0, 0.285714285714286, 0, 1, 0.666666666666667, 0.625, 1, 28.15
0.98, 0, 0.285714285714286, 0, 1, 1, 0.625, 1, 28.61
0.9, 0.166666666666667, 0.428571428571429, 0.111111111111111, 1, 0, 0.625, 1, 33.13
0.9, 0.166666666666667, 0.428571428571429, 0.111111111111111, 1, 0.333333333333333, 0.625, 1, 32.31
0.9, 0.166666666666667, 0.428571428571429, 0.111111111111111, 1, 0.666666666666667, 0.625, 1, 31.53
0.9, 0.166666666666667, 0.428571428571429, 0.111111111111111, 1, 1, 0.625, 1, 32.46
0.86, 0.25, 0.285714285714286, 0.333333333333333, 1, 0, 0.625, 1, 29.71
0.86, 0.25, 0.285714285714286, 0.333333333333333, 1, 0.333333333333333, 0.625, 1, 29.09
0.86, 0.25, 0.285714285714286, 0.333333333333333, 1, 0.666666666666667, 0.625, 1, 28.31
0.86, 0.25, 0.285714285714286, 0.333333333333333, 1, 1, 0.625, 1, 29.39
0.82, 0.333333333333333, 0.428571428571429, 0.333333333333333, 1, 0, 0.625, 1, 25.7
0.82, 0.333333333333333, 0.428571428571429, 0.333333333333333, 1, 0.333333333333333, 0.625, 1, 25.17
0.82, 0.333333333333333, 0.428571428571429, 0.333333333333333, 1, 0.666666666666667, 0.625, 1, 24.6
0.82, 0.333333333333333, 0.428571428571429, 0.333333333333333, 1, 1, 0.625, 1, 25.49
0.79, 0.416666666666667, 0.571428571428571, 0.333333333333333, 1, 0, 0.625, 1, 39.89
0.79, 0.416666666666667, 0.571428571428571, 0.333333333333333, 1, 0.333333333333333, 0.625, 1, 39.83
0.79, 0.416666666666667, 0.571428571428571, 0.333333333333333, 1, 0.666666666666667, 0.625, 1, 39.01
0.79, 0.416666666666667, 0.571428571428571, 0.333333333333333, 1, 1, 0.625, 1, 38.65
0.76, 0.5, 1, 0.111111111111111, 1, 0, 0.625, 1, 35.69
0.76, 0.5, 1, 0.111111111111111, 1, 0.333333333333333, 0.625, 1, 36.64
0.76, 0.5, 1, 0.111111111111111, 1, 0.666666666666667, 0.625, 1, 36.06
0.76, 0.5, 1, 0.111111111111111, 1, 1, 0.625, 1, 36.7
0.74, 0.583333333333333, 0, 1, 0, 0, 0.625, 1, 12.12
0.74, 0.583333333333333, 0, 1, 0, 0.333333333333333, 0.625, 1, 11.67
0.74, 0.583333333333333, 0, 1, 0, 0.666666666666667, 0.625, 1, 11.64
0.74, 0.583333333333333, 0, 1, 0, 1, 0.625, 1, 12.02
0.71, 0.666666666666667, 0.142857142857143, 1, 0, 0, 0.625, 1, 12.27
0.71, 0.666666666666667, 0.142857142857143, 1, 0, 0.333333333333333, 0.625, 1, 12.19
0.71, 0.666666666666667, 0.142857142857143, 1, 0, 0.666666666666667, 0.625, 1, 12.25
0.71, 0.666666666666667, 0.142857142857143, 1, 0, 1, 0.625, 1, 12.27
0.69, 0.75, 0.285714285714286, 1, 0, 0, 0.625, 1, 12.47
0.69, 0.75, 0.285714285714286, 1, 0, 0.333333333333333, 0.625, 1, 12.12
0.69, 0.75, 0.285714285714286, 1, 0, 0.666666666666667, 0.625, 1, 12.18
0.69, 0.75, 0.285714285714286, 1, 0, 1, 0.625, 1, 12.47
0.66, 0.833333333333333, 0.428571428571429, 1, 0, 0, 0.625, 1, 12.93
0.66, 0.833333333333333, 0.428571428571429, 1, 0, 0.333333333333333, 0.625, 1, 12.82
0.66, 0.833333333333333, 0.428571428571429, 1, 0, 0.666666666666667, 0.625, 1, 12.78
0.66, 0.833333333333333, 0.428571428571429, 1, 0, 1, 0.625, 1, 13.02
0.64, 0.916666666666667, 0.571428571428571, 1, 0, 0, 0.625, 1, 16.73
0.64, 0.916666666666667, 0.571428571428571, 1, 0, 0.333333333333333, 0.625, 1, 16.86
0.64, 0.916666666666667, 0.571428571428571, 1, 0, 0.666666666666667, 0.625, 1, 16.76
0.64, 0.916666666666667, 0.571428571428571, 1, 0, 1, 0.625, 1, 16.92
0.62, 1, 0.714285714285714, 1, 0, 0, 0.625, 1, 13.68
0.62, 1, 0.714285714285714, 1, 0, 0.333333333333333, 0.625, 1, 13.99
0.62, 1, 0.714285714285714, 1, 0, 0.666666666666667, 0.625, 1, 14.16
0.62, 1, 0.714285714285714, 1, 0, 1, 0.625, 1, 13.86
0.98, 0, 0.285714285714286, 0, 1, 0, 1, 0.2, 32.26
0.98, 0, 0.285714285714286, 0, 1, 0.333333333333333, 1, 0.2, 32.26
0.98, 0, 0.285714285714286, 0, 1, 0.666666666666667, 1, 0.2, 32.49
0.98, 0, 0.285714285714286, 0, 1, 1, 1, 0.2, 32.53
0.9, 0.166666666666667, 0.428571428571429, 0.111111111111111, 1, 0, 1, 0.2, 36.47
0.9, 0.166666666666667, 0.428571428571429, 0.111111111111111, 1, 0.333333333333333, 1, 0.2, 37.24
0.9, 0.166666666666667, 0.428571428571429, 0.111111111111111, 1, 0.666666666666667, 1, 0.2, 36.66
0.9, 0.166666666666667, 0.428571428571429, 0.111111111111111, 1, 1, 1, 0.2, 35.96
0.86, 0.25, 0.285714285714286, 0.333333333333333, 1, 0, 1, 0.2, 31.89
0.86, 0.25, 0.285714285714286, 0.333333333333333, 1, 0.333333333333333, 1, 0.2, 32.39
0.86, 0.25, 0.285714285714286, 0.333333333333333, 1, 0.666666666666667, 1, 0.2, 32.09
0.86, 0.25, 0.285714285714286, 0.333333333333333, 1, 1, 1, 0.2, 31.29
0.82, 0.333333333333333, 0.428571428571429, 0.333333333333333, 1, 0, 1, 0.2, 29.22
0.82, 0.333333333333333, 0.428571428571429, 0.333333333333333, 1, 0.333333333333333, 1, 0.2, 29.91
0.82, 0.333333333333333, 0.428571428571429, 0.333333333333333, 1, 0.666666666666667, 1, 0.2, 29.53
0.82, 0.333333333333333, 0.428571428571429, 0.333333333333333, 1, 1, 1, 0.2, 28.65
0.79, 0.416666666666667, 0.571428571428571, 0.333333333333333, 1, 0, 1, 0.2, 41.4
0.79, 0.416666666666667, 0.571428571428571, 0.333333333333333, 1, 0.333333333333333, 1, 0.2, 42.62
0.79, 0.416666666666667, 0.571428571428571, 0.333333333333333, 1, 0.666666666666667, 1, 0.2, 42.5
0.79, 0.416666666666667, 0.571428571428571, 0.333333333333333, 1, 1, 1, 0.2, 41.67
0.76, 0.5, 1, 0.111111111111111, 1, 0, 1, 0.2, 40.78
0.76, 0.5, 1, 0.111111111111111, 1, 0.333333333333333, 1, 0.2, 39.97
0.76, 0.5, 1, 0.111111111111111, 1, 0.666666666666667, 1, 0.2, 40.71
0.76, 0.5, 1, 0.111111111111111, 1, 1, 1, 0.2, 40.43
0.74, 0.583333333333333, 0, 1, 0, 0, 1, 0.2, 14.52
0.74, 0.583333333333333, 0, 1, 0, 0.333333333333333, 1, 0.2, 14.61
0.74, 0.583333333333333, 0, 1, 0, 0.666666666666667, 1, 0.2, 14.5
0.74, 0.583333333333333, 0, 1, 0, 1, 1, 0.2, 14.55
0.71, 0.666666666666667, 0.142857142857143, 1, 0, 0, 1, 0.2, 14.51
0.71, 0.666666666666667, 0.142857142857143, 1, 0, 0.333333333333333, 1, 0.2, 14.6
0.71, 0.666666666666667, 0.142857142857143, 1, 0, 0.666666666666667, 1, 0.2, 14.5
0.71, 0.666666666666667, 0.142857142857143, 1, 0, 1, 1, 0.2, 14.58
0.69, 0.75, 0.285714285714286, 1, 0, 0, 1, 0.2, 14.51
0.69, 0.75, 0.285714285714286, 1, 0, 0.333333333333333, 1, 0.2, 14.7
0.69, 0.75, 0.285714285714286, 1, 0, 0.666666666666667, 1, 0.2, 14.42
0.69, 0.75, 0.285714285714286, 1, 0, 1, 1, 0.2, 14.42
0.66, 0.833333333333333, 0.428571428571429, 1, 0, 0, 1, 0.2, 15.23
0.66, 0.833333333333333, 0.428571428571429, 1, 0, 0.333333333333333, 1, 0.2, 15.23
0.66, 0.833333333333333, 0.428571428571429, 1, 0, 0.666666666666667, 1, 0.2, 15.23
0.66, 0.833333333333333, 0.428571428571429, 1, 0, 1, 1, 0.2, 15.23
0.64, 0.916666666666667, 0.571428571428571, 1, 0, 0, 1, 0.2, 19.52
0.64, 0.916666666666667, 0.571428571428571, 1, 0, 0.333333333333333, 1, 0.2, 19.36
0.64, 0.916666666666667, 0.571428571428571, 1, 0, 0.666666666666667, 1, 0.2, 19.48
0.64, 0.916666666666667, 0.571428571428571, 1, 0, 1, 1, 0.2, 19.42
0.62, 1, 0.714285714285714, 1, 0, 0, 1, 0.2, 15.09
0.62, 1, 0.714285714285714, 1, 0, 0.333333333333333, 1, 0.2, 17.17
0.62, 1, 0.714285714285714, 1, 0, 0.666666666666667, 1, 0.2, 17.14
0.62, 1, 0.714285714285714, 1, 0, 1, 1, 0.2, 17.14
0.98, 0, 0.285714285714286, 0, 1, 0, 1, 0.4, 32.82
0.98, 0, 0.285714285714286, 0, 1, 0.333333333333333, 1, 0.4, 32.71
0.98, 0, 0.285714285714286, 0, 1, 0.666666666666667, 1, 0.4, 32.24
0.98, 0, 0.285714285714286, 0, 1, 1, 1, 0.4, 32.72
0.9, 0.166666666666667, 0.428571428571429, 0.111111111111111, 1, 0, 1, 0.4, 35.84
0.9, 0.166666666666667, 0.428571428571429, 0.111111111111111, 1, 0.333333333333333, 1, 0.4, 36.57
0.9, 0.166666666666667, 0.428571428571429, 0.111111111111111, 1, 0.666666666666667, 1, 0.4, 36.06
0.9, 0.166666666666667, 0.428571428571429, 0.111111111111111, 1, 1, 1, 0.4, 35.69
0.86, 0.25, 0.285714285714286, 0.333333333333333, 1, 0, 1, 0.4, 32.48
0.86, 0.25, 0.285714285714286, 0.333333333333333, 1, 0.333333333333333, 1, 0.4, 32.74
0.86, 0.25, 0.285714285714286, 0.333333333333333, 1, 0.666666666666667, 1, 0.4, 32.13
0.86, 0.25, 0.285714285714286, 0.333333333333333, 1, 1, 1, 0.4, 31.64
0.82, 0.333333333333333, 0.428571428571429, 0.333333333333333, 1, 0, 1, 0.4, 28.95
0.82, 0.333333333333333, 0.428571428571429, 0.333333333333333, 1, 0.333333333333333, 1, 0.4, 29.49
0.82, 0.333333333333333, 0.428571428571429, 0.333333333333333, 1, 0.666666666666667, 1, 0.4, 28.64
0.82, 0.333333333333333, 0.428571428571429, 0.333333333333333, 1, 1, 1, 0.4, 28.01
0.79, 0.416666666666667, 0.571428571428571, 0.333333333333333, 1, 0, 1, 0.4, 41.64
0.79, 0.416666666666667, 0.571428571428571, 0.333333333333333, 1, 0.333333333333333, 1, 0.4, 43.1
0.79, 0.416666666666667, 0.571428571428571, 0.333333333333333, 1, 0.666666666666667, 1, 0.4, 42.74
0.79, 0.416666666666667, 0.571428571428571, 0.333333333333333, 1, 1, 1, 0.4, 41.92
0.76, 0.5, 1, 0.111111111111111, 1, 0, 1, 0.4, 40.78
0.76, 0.5, 1, 0.111111111111111, 1, 0.333333333333333, 1, 0.4, 40.15
0.76, 0.5, 1, 0.111111111111111, 1, 0.666666666666667, 1, 0.4, 40.57
0.76, 0.5, 1, 0.111111111111111, 1, 1, 1, 0.4, 40.42
0.74, 0.583333333333333, 0, 1, 0, 0, 1, 0.4, 14.54
0.74, 0.583333333333333, 0, 1, 0, 0.333333333333333, 1, 0.4, 14.45
0.74, 0.583333333333333, 0, 1, 0, 0.666666666666667, 1, 0.4, 14.18
0.74, 0.583333333333333, 0, 1, 0, 1, 1, 0.4, 14.5
0.71, 0.666666666666667, 0.142857142857143, 1, 0, 0, 1, 0.4, 14.7
0.71, 0.666666666666667, 0.142857142857143, 1, 0, 0.333333333333333, 1, 0.4, 14.66
0.71, 0.666666666666667, 0.142857142857143, 1, 0, 0.666666666666667, 1, 0.4, 14.4
0.71, 0.666666666666667, 0.142857142857143, 1, 0, 1, 1, 0.4, 14.71
0.69, 0.75, 0.285714285714286, 1, 0, 0, 1, 0.4, 14.75
0.69, 0.75, 0.285714285714286, 1, 0, 0.333333333333333, 1, 0.4, 14.71
0.69, 0.75, 0.285714285714286, 1, 0, 0.666666666666667, 1, 0.4, 14.33
0.69, 0.75, 0.285714285714286, 1, 0, 1, 1, 0.4, 14.62
0.66, 0.833333333333333, 0.428571428571429, 1, 0, 0, 1, 0.4, 15.34
0.66, 0.833333333333333, 0.428571428571429, 1, 0, 0.333333333333333, 1, 0.4, 15.29